%YAML:1.0
---
opencv_lbphfaces:
   threshold: 1.7976931348623157e+308
   radius: 1
   neighbors: 8
   grid_x: 8
   grid_y: 8
   histograms:
      - !!opencv-matrix
         rows: 1
         cols: 16384
         dt: f
         data: [ 0.0520833321, 0.00520833349, 0.00520833349,
             0.00347222225, 0.0173611119, 0., 0.00173611112,
             0.0069444445, 0.00520833349, 0.00173611112, 0., 0.,
             0.013888889, 0., 0.00520833349, 0.00173611112,
             0.00520833349, 0.00173611112, 0., 0., 0.00868055597, 0., 0.,
             0., 0.010416667, 0.00173611112, 0.00173611112, 0.,
             0.0590277798, 0., 0.0295138899, 0.022569444, 0.00173611112,
             0., 0., 0., 0.00347222225, 0., 0., 0., 0.00173611112, 0.,
             0., 0., 0., 0., 0., 0., 0.00173611112, 0., 0., 0.,
             0.00347222225, 0.00173611112, 0.00173611112, 0.,
             0.0069444445, 0.00347222225, 0.00347222225, 0.00347222225,
             0.111111112, 0.00520833349, 0.0520833321, 0.0173611119,
             0.0347222239, 0.012152778, 0., 0., 0.0069444445, 0.,
             0.00347222225, 0.00520833349, 0., 0., 0., 0., 0.00520833349,
             0., 0., 0.00520833349, 0.00173611112, 0., 0., 0., 0., 0.,
             0., 0., 0.00347222225, 0., 0., 0., 0.00173611112, 0.,
             0.00173611112, 0., 0.00347222225, 0.00173611112, 0., 0.,
             0.00347222225, 0., 0., 0., 0.00347222225, 0., 0., 0., 0.,
             0., 0., 0., 0.010416667, 0.00347222225, 0.00173611112, 0.,
             0.00173611112, 0., 0., 0.00173611112, 0.00868055597,
             0.00173611112, 0., 0., 0.0295138899, 0.00173611112,
             0.0173611119, 0.015625, 0.00173611112, 0.00173611112, 0.,
             0., 0., 0., 0., 0.00347222225, 0., 0., 0., 0.,
             0.00173611112, 0., 0., 0.00173611112, 0., 0.00173611112, 0.,
             0., 0., 0., 0., 0., 0., 0., 0., 0., 0., 0., 0.,
             0.0069444445, 0., 0., 0., 0., 0., 0., 0., 0.00173611112, 0.,
             0., 0., 0., 0., 0., 0., 0., 0., 0.00173611112, 0., 0., 0.,
             0.00173611112, 0., 0., 0., 0., 0., 0., 0.00173611112, 0.,
             0., 0.027777778, 0.00347222225, 0.00520833349, 0.,
             0.00347222225, 0., 0.00520833349, 0., 0.00868055597, 0., 0.,
             0., 0., 0., 0., 0., 0.00347222225, 0.00173611112,
             0.00173611112, 0., 0., 0., 0., 0., 0., 0., 0., 0.,
             0.00173611112, 0.00173611112, 0.00347222225, 0.,
             0.00520833349, 0.00173611112, 0., 0., 0.00173611112,
             0.00173611112, 0., 0., 0.00520833349, 0.00173611112, 0., 0.,
             0., 0.00173611112, 0., 0., 0.00173611112, 0.00173611112,
             0.0173611119, 0., 0.00347222225, 0., 0.00520833349, 0.,
             0.013888889, 0., 0.0069444445, 0., 0.015625, 0.00868055597,
             0.00868055597, 0.010416667, 0.126736119, 0.03125,
             0.013888889, 0., 0.00173611112, 0.012152778, 0.,
             0.00347222225, 0.00868055597, 0., 0., 0., 0.00173611112,
             0.00173611112, 0., 0.00347222225, 0., 0.00868055597, 0., 0.,
             0., 0.00520833349, 0., 0., 0., 0.00347222225, 0.,
             0.00173611112, 0.00173611112, 0.012152778, 0., 0.0069444445,
             0.013888889, 0., 0., 0., 0., 0., 0., 0., 0., 0., 0., 0., 0.,
             0., 0., 0., 0., 0., 0., 0., 0., 0., 0., 0., 0.00173611112,
             0.00520833349, 0., 0., 0., 0.00868055597, 0., 0.0069444445,
             0.00868055597, 0.012152778, 0.00347222225, 0., 0.,
             0.00868055597, 0., 0., 0.00520833349, 0., 0., 0., 0.,
             0.00173611112, 0., 0., 0., 0.00173611112, 0., 0., 0., 0.,
             0.00173611112, 0., 0., 0., 0., 0., 0., 0., 0., 0.,
             0.00173611112, 0.00347222225, 0.00173611112, 0.00173611112,
             0., 0., 0., 0., 0., 0., 0., 0., 0., 0., 0., 0., 0.,
             0.00520833349, 0.00347222225, 0., 0., 0.00173611112,
             0.00173611112, 0., 0.00173611112, 0.00520833349, 0., 0., 0.,
             0.015625, 0., 0.00520833349, 0.00347222225, 0.00173611112,
             0.00520833349, 0., 0.013888889, 0.00173611112, 0.,
             0.00173611112, 0.012152778, 0., 0., 0., 0., 0., 0., 0.,
             0.00520833349, 0.00173611112, 0.00173611112, 0., 0., 0., 0.,
             0., 0., 0., 0., 0., 0., 0., 0.00173611112, 0., 0.013888889,
             0., 0.00173611112, 0., 0., 0., 0., 0., 0., 0., 0., 0., 0.,
             0., 0., 0., 0.00173611112, 0., 0., 0., 0., 0., 0., 0., 0.,
             0., 0., 0., 0., 0., 0., 0., 0.00868055597, 0.020833334,
             0.0833333358, 0., 0.140625, 0.00347222225, 0.00868055597,
             0., 0.0642361119, 0., 0., 0., 0., 0.00347222225, 0., 0.,
             0.00868055597, 0., 0.00173611112, 0., 0.00520833349, 0., 0.,
             0., 0.00173611112, 0., 0.00173611112, 0., 0.00173611112, 0.,
             0.00520833349, 0., 0.013888889, 0.00173611112, 0.015625,
             0.00173611112, 0.0434027798, 0., 0., 0., 0.026041666, 0.,
             0., 0., 0.00173611112, 0., 0., 0.00173611112, 0.,
             0.00868055597, 0.024305556, 0., 0.038194444, 0., 0., 0.,
             0.012152778, 0.00520833349, 0.010416667, 0., 0.020833334,
             0.00520833349, 0.0069444445, 0.00347222225, 0.0850694478,
             0.00868055597, 0.00347222225, 0., 0., 0.0069444445, 0., 0.,
             0.015625, 0., 0., 0., 0., 0.00347222225, 0.00173611112, 0.,
             0.00347222225, 0.010416667, 0.00520833349, 0., 0.,
             0.00520833349, 0., 0., 0.00173611112, 0.00347222225, 0., 0.,
             0., 0.0347222239, 0.00173611112, 0.0069444445,
             0.00868055597, 0., 0., 0., 0., 0.00173611112, 0., 0., 0.,
             0., 0., 0., 0., 0., 0., 0., 0., 0.013888889, 0., 0., 0.,
             0.00173611112, 0., 0., 0., 0.0069444445, 0., 0., 0.,
             0.0416666679, 0.00347222225, 0.012152778, 0.00868055597,
             0.022569444, 0.00173611112, 0., 0., 0.0069444445,
             0.00173611112, 0., 0.00173611112, 0., 0., 0., 0., 0., 0.,
             0.00173611112, 0., 0.00347222225, 0., 0., 0., 0., 0.,
             0.00173611112, 0., 0.00347222225, 0., 0., 0., 0.00347222225,
             0., 0., 0.00173611112, 0.00520833349, 0., 0., 0., 0., 0.,
             0., 0., 0., 0., 0., 0., 0., 0., 0., 0., 0.0503472239,
             0.00868055597, 0., 0., 0.00347222225, 0., 0.00173611112,
             0.00347222225, 0.0295138899, 0., 0., 0., 0.0607638881, 0.,
             0.013888889, 0.00868055597, 0., 0.00347222225, 0.,
             0.00347222225, 0., 0., 0., 0.0069444445, 0., 0., 0., 0., 0.,
             0., 0., 0.00173611112, 0., 0., 0., 0., 0., 0., 0., 0., 0.,
             0., 0., 0., 0., 0., 0., 0.00173611112, 0., 0., 0., 0., 0.,
             0., 0., 0., 0., 0., 0., 0., 0., 0., 0., 0., 0.,
             0.00347222225, 0., 0., 0., 0., 0., 0., 0., 0., 0.,
             0.00173611112, 0., 0., 0., 0.00173611112, 0.00173611112,
             0.0295138899, 0., 0.00520833349, 0., 0.00520833349, 0.,
             0.024305556, 0., 0., 0., 0., 0., 0.00173611112, 0.,
             0.0069444445, 0., 0.00347222225, 0., 0., 0., 0.00173611112,
             0., 0.00347222225, 0., 0.00173611112, 0., 0., 0.00173611112,
             0.00347222225, 0., 0.0069444445, 0.00347222225, 0.019097222,
             0., 0., 0., 0.00173611112, 0., 0.00347222225, 0., 0., 0.,
             0., 0., 0.00173611112, 0., 0.00173611112, 0.0642361119,
             0.0868055597, 0., 0.0069444445, 0., 0., 0., 0.0069444445,
             0.03125, 0.020833334, 0., 0.0069444445, 0.0364583321,
             0.027777778, 0.00520833349, 0.105902776, 0.00868055597,
             0.010416667, 0., 0., 0.010416667, 0., 0.00173611112,
             0.00347222225, 0., 0., 0., 0., 0.00173611112, 0., 0., 0.,
             0.012152778, 0.00520833349, 0., 0., 0.00347222225, 0., 0.,
             0., 0.00520833349, 0., 0., 0., 0.022569444, 0.00868055597,
             0.0069444445, 0.013888889, 0., 0., 0., 0., 0., 0., 0., 0.,
             0., 0., 0., 0., 0., 0., 0., 0., 0.010416667, 0.0069444445,
             0., 0., 0.00173611112, 0., 0., 0., 0.00347222225, 0., 0.,
             0., 0.010416667, 0., 0.00173611112, 0.013888889,
             0.00868055597, 0.0069444445, 0., 0., 0.00520833349, 0., 0.,
             0.00347222225, 0.00173611112, 0., 0., 0., 0., 0., 0., 0.,
             0.00347222225, 0., 0., 0., 0., 0., 0., 0., 0., 0., 0., 0.,
             0.00520833349, 0., 0., 0., 0.00520833349, 0.00347222225, 0.,
             0., 0.00173611112, 0., 0., 0., 0., 0., 0., 0., 0., 0., 0.,
             0., 0.0677083358, 0.00347222225, 0., 0., 0., 0.00173611112,
             0., 0.00173611112, 0.022569444, 0.00347222225, 0., 0.,
             0.0572916679, 0.00173611112, 0.012152778, 0.00520833349, 0.,
             0., 0., 0., 0.00173611112, 0., 0., 0.00347222225, 0., 0.,
             0., 0., 0., 0., 0., 0., 0., 0.00173611112, 0.,
             0.00173611112, 0., 0., 0., 0., 0., 0., 0., 0., 0., 0., 0.,
             0.00347222225, 0., 0., 0., 0., 0., 0., 0., 0., 0., 0., 0.,
             0., 0., 0., 0., 0., 0., 0., 0., 0., 0., 0., 0., 0., 0., 0.,
             0., 0., 0., 0.00173611112, 0., 0.00347222225, 0.00520833349,
             0.022569444, 0., 0.0069444445, 0.00173611112, 0.00520833349,
             0., 0.013888889, 0., 0.00173611112, 0., 0., 0., 0., 0.,
             0.00347222225, 0., 0.012152778, 0., 0.00173611112, 0., 0.,
             0., 0.00347222225, 0., 0., 0., 0., 0.00173611112,
             0.00173611112, 0., 0.00520833349, 0.00520833349,
             0.0347222239, 0., 0.00347222225, 0.00173611112,
             0.00520833349, 0., 0.024305556, 0., 0., 0., 0., 0., 0., 0.,
             0., 0.0625, 0.125, 0., 0.013888889, 0., 0.012152778, 0.,
             0.010416667, 0.027777778, 0.022569444, 0., 0.00868055597,
             0.046875, 0.0173611119, 0.00520833349, 0.0833333358,
             0.013888889, 0.012152778, 0., 0., 0.00520833349, 0., 0.,
             0.00347222225, 0., 0., 0., 0., 0., 0., 0.00347222225, 0.,
             0.022569444, 0.013888889, 0., 0., 0.00173611112,
             0.00347222225, 0., 0.00173611112, 0., 0., 0., 0.,
             0.020833334, 0.00347222225, 0.00347222225, 0.015625,
             0.00173611112, 0., 0., 0., 0., 0., 0., 0., 0., 0., 0., 0.,
             0., 0., 0., 0., 0.00347222225, 0., 0., 0., 0., 0., 0.,
             0.00173611112, 0.00347222225, 0., 0., 0., 0.010416667,
             0.00173611112, 0.00173611112, 0.00868055597, 0.012152778,
             0.0069444445, 0., 0.00173611112, 0.00520833349, 0.,
             0.00347222225, 0., 0., 0., 0., 0., 0., 0., 0., 0.,
             0.00173611112, 0., 0., 0., 0., 0., 0., 0., 0., 0., 0., 0.,
             0.00173611112, 0., 0., 0.00173611112, 0., 0., 0.00173611112,
             0., 0.00173611112, 0., 0., 0., 0., 0., 0., 0., 0., 0., 0.,
             0., 0.0503472239, 0.00347222225, 0., 0., 0.00347222225, 0.,
             0., 0.00173611112, 0.010416667, 0., 0., 0., 0.0416666679,
             0.00173611112, 0.0069444445, 0.010416667, 0., 0.00347222225,
             0., 0., 0., 0., 0., 0., 0., 0., 0., 0., 0., 0., 0.,
             0.00173611112, 0., 0., 0., 0.00173611112, 0., 0., 0., 0.,
             0., 0., 0., 0., 0., 0., 0., 0., 0., 0., 0., 0., 0., 0., 0.,
             0., 0., 0., 0., 0., 0., 0., 0., 0., 0., 0., 0., 0., 0., 0.,
             0., 0., 0., 0., 0., 0., 0., 0., 0., 0.00173611112,
             0.00520833349, 0.024305556, 0., 0.010416667, 0., 0., 0.,
             0.015625, 0., 0., 0., 0., 0., 0., 0., 0.00347222225,
             0.00173611112, 0.00173611112, 0., 0.00347222225, 0., 0., 0.,
             0.00173611112, 0., 0., 0., 0., 0., 0., 0., 0.00868055597,
             0.019097222, 0.046875, 0., 0.010416667, 0., 0.00347222225,
             0., 0.020833334, 0., 0., 0., 0., 0., 0., 0., 0.00173611112,
             0.0677083358, 0.159722224, 0., 0.019097222, 0.00520833349,
             0.00347222225, 0.00173611112, 0.019097222, 0.015625,
             0.024305556, 0., 0.00868055597, 0.03125, 0.020833334,
             0.00520833349, 0.104166664, 0.013888889, 0.0069444445, 0.,
             0., 0.00347222225, 0.00173611112, 0., 0.013888889, 0., 0.,
             0., 0., 0., 0., 0.00520833349, 0.00347222225, 0.022569444,
             0.0069444445, 0.00173611112, 0., 0.00173611112, 0., 0.,
             0.00173611112, 0.00173611112, 0., 0., 0., 0.022569444,
             0.00173611112, 0.00520833349, 0.0329861119, 0., 0., 0., 0.,
             0., 0., 0., 0., 0., 0., 0., 0., 0., 0., 0., 0.,
             0.00520833349, 0., 0., 0., 0.00347222225, 0., 0.,
             0.00173611112, 0.0069444445, 0.00520833349, 0., 0.,
             0.013888889, 0.00173611112, 0.0069444445, 0.015625,
             0.00868055597, 0.00173611112, 0., 0., 0.00520833349, 0., 0.,
             0.00347222225, 0., 0., 0., 0., 0., 0., 0., 0.,
             0.00173611112, 0.00173611112, 0., 0., 0., 0., 0., 0., 0.,
             0., 0., 0., 0.00347222225, 0., 0., 0., 0.00347222225, 0.,
             0., 0., 0., 0., 0., 0., 0., 0., 0., 0., 0., 0., 0., 0.,
             0.046875, 0.0069444445, 0.00173611112, 0., 0.00868055597,
             0., 0., 0.00347222225, 0.0295138899, 0., 0., 0.,
             0.0677083358, 0.00173611112, 0.019097222, 0.013888889, 0.,
             0., 0., 0., 0., 0.00173611112, 0., 0., 0., 0., 0., 0., 0.,
             0., 0., 0., 0., 0., 0., 0., 0., 0., 0., 0.00173611112, 0.,
             0., 0., 0., 0., 0., 0., 0.00347222225, 0., 0., 0., 0., 0.,
             0., 0., 0., 0., 0., 0., 0., 0., 0., 0., 0., 0., 0., 0., 0.,
             0., 0., 0., 0.00173611112, 0., 0., 0., 0., 0., 0., 0.,
             0.00347222225, 0.00347222225, 0.024305556, 0.,
             0.00520833349, 0., 0., 0., 0.0173611119, 0., 0., 0., 0., 0.,
             0., 0., 0.00520833349, 0.00173611112, 0.00347222225, 0., 0.,
             0., 0., 0., 0.00347222225, 0., 0.00173611112, 0., 0., 0.,
             0.00347222225, 0., 0.010416667, 0.00520833349, 0.046875, 0.,
             0.00173611112, 0.00173611112, 0., 0., 0.015625, 0., 0., 0.,
             0., 0.00173611112, 0., 0., 0., 0.0677083358, 0.0989583358,
             0., 0.012152778, 0.00347222225, 0., 0., 0.020833334,
             0.0329861119, 0.0173611119, 0., 0.00520833349, 0.026041666,
             0.0173611119, 0.00520833349, 0.0902777761, 0.019097222,
             0.00347222225, 0., 0., 0.012152778, 0., 0., 0.00173611112,
             0., 0., 0., 0., 0.00173611112, 0., 0., 0., 0.0069444445,
             0.00347222225, 0., 0., 0.00173611112, 0., 0., 0.00173611112,
             0.00173611112, 0., 0., 0., 0.00520833349, 0.00347222225, 0.,
             0.0069444445, 0.00173611112, 0., 0., 0., 0., 0., 0., 0., 0.,
             0., 0., 0., 0., 0., 0., 0., 0.012152778, 0., 0., 0.,
             0.00173611112, 0., 0., 0.00347222225, 0.00173611112,
             0.00347222225, 0., 0., 0.0069444445, 0., 0.00173611112,
             0.0069444445, 0.0173611119, 0.0069444445, 0., 0., 0., 0.,
             0., 0., 0., 0., 0., 0., 0.00173611112, 0., 0., 0.,
             0.00173611112, 0., 0., 0., 0., 0., 0., 0., 0.00173611112,
             0., 0., 0., 0.00173611112, 0., 0., 0., 0.010416667,
             0.0069444445, 0., 0., 0., 0., 0., 0., 0., 0., 0., 0., 0.,
             0., 0., 0., 0.0850694478, 0.00347222225, 0., 0.,
             0.00173611112, 0., 0., 0., 0.0572916679, 0.00173611112, 0.,
             0., 0.027777778, 0., 0.00347222225, 0.00520833349, 0.,
             0.00173611112, 0., 0., 0., 0., 0., 0.00520833349, 0., 0.,
             0., 0., 0., 0., 0., 0., 0., 0.00173611112, 0., 0., 0., 0.,
             0., 0., 0., 0., 0., 0., 0., 0.00173611112, 0.,
             0.00173611112, 0., 0., 0., 0., 0., 0., 0., 0., 0., 0., 0.,
             0., 0., 0., 0., 0., 0., 0., 0., 0., 0., 0., 0., 0., 0., 0.,
             0., 0., 0., 0., 0., 0.00347222225, 0.00173611112, 0.015625,
             0., 0.00868055597, 0., 0.00347222225, 0., 0.0069444445, 0.,
             0., 0., 0., 0., 0., 0., 0.00520833349, 0.00347222225,
             0.00347222225, 0., 0.00347222225, 0., 0., 0., 0., 0.,
             0.00173611112, 0., 0.00173611112, 0., 0.00173611112, 0.,
             0.00520833349, 0.00868055597, 0.0173611119, 0.,
             0.00347222225, 0.00520833349, 0., 0., 0.0173611119, 0., 0.,
             0., 0., 0., 0.00173611112, 0., 0.00173611112, 0.1875,
             0.114583336, 0., 0.00868055597, 0.00173611112, 0., 0.,
             0.00347222225, 0.055555556, 0.03125, 0., 0.00173611112,
             0.0329861119, 0.012152778, 0.00347222225, 0.0694444478,
             0.0295138899, 0.00520833349, 0.0069444445, 0.00347222225,
             0.0173611119, 0.00347222225, 0.015625, 0.0503472239,
             0.00173611112, 0., 0., 0.00173611112, 0., 0., 0.00347222225,
             0.012152778, 0.00173611112, 0.00520833349, 0.,
             0.00173611112, 0., 0.00173611112, 0., 0.00173611112,
             0.00173611112, 0., 0., 0., 0.00868055597, 0.00173611112,
             0.00520833349, 0.013888889, 0., 0., 0., 0., 0.,
             0.00173611112, 0., 0.00173611112, 0., 0., 0., 0., 0., 0.,
             0., 0., 0.0069444445, 0., 0., 0., 0., 0., 0., 0.,
             0.0069444445, 0., 0., 0., 0.00520833349, 0.00347222225,
             0.00173611112, 0.013888889, 0.00868055597, 0.00173611112,
             0., 0.00173611112, 0.0069444445, 0., 0.00347222225,
             0.0069444445, 0., 0., 0., 0., 0., 0., 0.00347222225, 0.,
             0.00347222225, 0.00347222225, 0., 0., 0., 0., 0., 0.,
             0.00347222225, 0., 0., 0., 0.00173611112, 0., 0., 0.,
             0.00173611112, 0., 0., 0., 0.00173611112, 0., 0., 0., 0.,
             0., 0., 0., 0., 0., 0., 0., 0.0486111119, 0., 0.00347222225,
             0., 0.00347222225, 0., 0., 0., 0.0520833321, 0., 0.,
             0.00173611112, 0.0173611119, 0., 0.00520833349,
             0.00347222225, 0., 0.00868055597, 0.00520833349,
             0.0173611119, 0., 0.00347222225, 0.00173611112,
             0.0694444478, 0., 0., 0., 0., 0.00173611112, 0.,
             0.00347222225, 0.038194444, 0.00173611112, 0.00173611112,
             0., 0.00173611112, 0., 0., 0., 0.00520833349, 0., 0., 0.,
             0., 0.00173611112, 0.00347222225, 0., 0.020833334, 0., 0.,
             0., 0., 0., 0., 0., 0., 0., 0., 0., 0., 0., 0., 0., 0., 0.,
             0., 0., 0., 0., 0., 0., 0.00347222225, 0., 0.00173611112,
             0., 0.00173611112, 0.00173611112, 0., 0., 0.012152778,
             0.00347222225, 0.00868055597, 0.00173611112, 0.0173611119,
             0.00173611112, 0.00173611112, 0., 0.027777778, 0., 0., 0.,
             0., 0., 0., 0., 0.026041666, 0., 0.00173611112,
             0.00173611112, 0., 0., 0., 0., 0.00173611112, 0., 0., 0.,
             0.00173611112, 0., 0., 0., 0.013888889, 0.00520833349,
             0.0069444445, 0., 0.0069444445, 0.00347222225, 0., 0.,
             0.015625, 0., 0., 0., 0., 0., 0., 0., 0.012152778,
             0.0173611119, 0.0173611119, 0., 0.00868055597, 0.,
             0.00173611112, 0., 0.010416667, 0.0347222239, 0.00868055597,
             0., 0.00868055597, 0.00347222225, 0.00347222225, 0.,
             0.0989583358, 0.026041666, 0.00520833349, 0., 0.,
             0.027777778, 0.00347222225, 0.00520833349, 0.00868055597,
             0.00347222225, 0.00173611112, 0., 0., 0.00520833349, 0., 0.,
             0., 0.00520833349, 0.00173611112, 0., 0.00173611112,
             0.00173611112, 0., 0., 0.00347222225, 0.00520833349, 0., 0.,
             0., 0.010416667, 0.00347222225, 0.00173611112,
             0.00520833349, 0.00173611112, 0., 0., 0., 0., 0., 0., 0.,
             0., 0., 0., 0., 0., 0., 0., 0., 0.00347222225, 0., 0., 0.,
             0., 0., 0., 0., 0.00520833349, 0., 0., 0., 0.046875,
             0.00173611112, 0.0069444445, 0.00173611112, 0.0173611119,
             0.00347222225, 0.00173611112, 0.00173611112, 0.013888889,
             0., 0.00173611112, 0., 0., 0., 0., 0., 0.00520833349, 0.,
             0., 0., 0.00173611112, 0., 0., 0.00173611112, 0., 0., 0.,
             0., 0.00173611112, 0., 0., 0., 0.00173611112, 0.,
             0.00173611112, 0.00173611112, 0.012152778, 0., 0., 0., 0.,
             0., 0., 0., 0., 0., 0., 0., 0., 0., 0., 0., 0.024305556, 0.,
             0., 0.0069444445, 0.00173611112, 0., 0., 0., 0.0659722239,
             0.00173611112, 0., 0.00173611112, 0.03125, 0.,
             0.00868055597, 0.013888889, 0., 0.00347222225, 0.,
             0.0173611119, 0.00173611112, 0.00347222225, 0., 0.010416667,
             0., 0., 0., 0., 0.00173611112, 0.00173611112, 0.,
             0.00520833349, 0., 0.00347222225, 0., 0., 0., 0., 0.,
             0.00347222225, 0., 0., 0., 0., 0.00173611112, 0., 0.,
             0.00520833349, 0., 0., 0., 0., 0., 0., 0., 0., 0., 0., 0.,
             0., 0., 0., 0., 0., 0., 0., 0., 0.00173611112, 0., 0., 0.,
             0.00347222225, 0., 0., 0., 0.00520833349, 0., 0.00173611112,
             0., 0.013888889, 0.0069444445, 0.0295138899, 0.,
             0.107638888, 0., 0.00520833349, 0.00173611112, 0.0486111119,
             0., 0., 0., 0., 0., 0., 0., 0.00520833349, 0.00173611112,
             0.00173611112, 0., 0., 0., 0., 0., 0.00347222225,
             0.00173611112, 0., 0., 0., 0., 0., 0., 0.012152778,
             0.00520833349, 0.015625, 0., 0.03125, 0., 0.00347222225, 0.,
             0.00520833349, 0., 0., 0., 0., 0., 0.00173611112, 0.,
             0.00347222225, 0.00868055597, 0.013888889, 0., 0.019097222,
             0., 0., 0., 0.00520833349, 0.027777778, 0.012152778, 0.,
             0.020833334, 0.00347222225, 0.00173611112, 0.00347222225,
             0.0885416642, 0.013888889, 0.012152778, 0., 0.,
             0.0069444445, 0.00347222225, 0.00173611112, 0.026041666, 0.,
             0., 0., 0., 0.00173611112, 0., 0.00347222225, 0.00347222225,
             0.0069444445, 0.00520833349, 0., 0., 0.00347222225, 0., 0.,
             0.00347222225, 0.00173611112, 0., 0., 0., 0.015625,
             0.00347222225, 0.0069444445, 0.039930556, 0., 0., 0., 0.,
             0., 0., 0., 0., 0., 0., 0., 0., 0., 0., 0., 0.,
             0.00173611112, 0.00173611112, 0., 0., 0., 0., 0.,
             0.00173611112, 0., 0., 0., 0., 0.00347222225, 0.,
             0.00520833349, 0.00520833349, 0.012152778, 0., 0.,
             0.00173611112, 0.00520833349, 0., 0., 0.00520833349, 0., 0.,
             0., 0., 0., 0., 0., 0.00173611112, 0.00347222225, 0., 0.,
             0., 0., 0., 0., 0., 0., 0., 0., 0., 0.00173611112, 0.,
             0.00173611112, 0.00173611112, 0., 0., 0., 0., 0., 0., 0.,
             0., 0., 0., 0., 0., 0., 0., 0., 0., 0.010416667,
             0.00173611112, 0., 0.00173611112, 0.00347222225, 0., 0., 0.,
             0.00868055597, 0., 0., 0., 0.013888889, 0., 0.0069444445,
             0.00347222225, 0., 0.00173611112, 0., 0.013888889, 0., 0.,
             0., 0.0329861119, 0., 0., 0., 0., 0., 0., 0., 0.00868055597,
             0., 0., 0., 0.00347222225, 0., 0., 0., 0., 0., 0., 0., 0.,
             0., 0., 0., 0.010416667, 0., 0., 0., 0., 0., 0., 0., 0., 0.,
             0., 0., 0., 0., 0., 0., 0., 0., 0., 0., 0.00173611112, 0.,
             0., 0., 0., 0., 0., 0., 0., 0., 0., 0., 0.00347222225,
             0.0069444445, 0.0677083358, 0., 0.116319448, 0.,
             0.0069444445, 0.00173611112, 0.0902777761, 0., 0., 0., 0.,
             0., 0., 0., 0.0069444445, 0.00173611112, 0.00520833349, 0.,
             0., 0., 0., 0., 0.00173611112, 0., 0., 0., 0., 0.,
             0.00173611112, 0.00347222225, 0.013888889, 0.00868055597,
             0.024305556, 0., 0.024305556, 0.00173611112, 0.00173611112,
             0., 0.024305556, 0., 0., 0., 0., 0., 0., 0., 0.0069444445,
             0.0069444445, 0.053819444, 0., 0.0173611119, 0., 0., 0.,
             0.010416667, 0.00173611112, 0.0069444445, 0., 0.00173611112,
             0.00520833349, 0.00520833349, 0.00520833349, 0.128472224,
             0.020833334, 0.010416667, 0., 0.00173611112, 0.00868055597,
             0., 0.00173611112, 0.0173611119, 0., 0.00173611112, 0., 0.,
             0.0069444445, 0., 0.0069444445, 0.012152778, 0.012152778,
             0.00347222225, 0., 0., 0.00347222225, 0.00173611112, 0.,
             0.00173611112, 0.0069444445, 0.00173611112, 0., 0., 0.03125,
             0.00347222225, 0.03125, 0.0451388881, 0., 0., 0., 0., 0.,
             0.00173611112, 0., 0., 0., 0., 0., 0., 0., 0., 0., 0.,
             0.00868055597, 0., 0., 0.00173611112, 0., 0., 0., 0.,
             0.00173611112, 0.00173611112, 0., 0., 0.038194444,
             0.00173611112, 0.0069444445, 0.0173611119, 0.0069444445, 0.,
             0., 0., 0.00347222225, 0., 0., 0., 0., 0., 0., 0., 0., 0.,
             0.00173611112, 0., 0.00347222225, 0.00173611112,
             0.00173611112, 0., 0., 0., 0., 0.00347222225, 0., 0., 0.,
             0., 0.00520833349, 0., 0., 0.00347222225, 0., 0., 0., 0.,
             0.00347222225, 0., 0., 0., 0., 0., 0., 0., 0., 0., 0., 0.,
             0.038194444, 0.00347222225, 0., 0., 0.00520833349, 0., 0.,
             0.00347222225, 0.0364583321, 0., 0., 0., 0.0694444478,
             0.00520833349, 0.03125, 0.015625, 0., 0.00520833349, 0.,
             0.00173611112, 0., 0.00173611112, 0., 0.012152778, 0., 0.,
             0., 0., 0., 0., 0., 0.00347222225, 0., 0., 0.,
             0.00173611112, 0., 0., 0., 0., 0., 0.00173611112, 0., 0.,
             0., 0., 0., 0.012152778, 0., 0., 0., 0., 0., 0., 0., 0., 0.,
             0., 0., 0., 0., 0., 0., 0., 0., 0., 0., 0., 0., 0., 0., 0.,
             0., 0., 0., 0., 0., 0.00173611112, 0., 0.00520833349,
             0.0069444445, 0.024305556, 0., 0.00868055597, 0., 0., 0.,
             0.012152778, 0., 0.00173611112, 0., 0., 0.00173611112, 0.,
             0., 0.00520833349, 0., 0.00347222225, 0., 0.00173611112, 0.,
             0., 0., 0.00347222225, 0., 0.00173611112, 0., 0., 0.,
             0.00347222225, 0., 0.015625, 0.00868055597, 0.00173611112,
             0., 0.00173611112, 0., 0., 0., 0.00520833349, 0., 0., 0.,
             0., 0.00173611112, 0.00173611112, 0.00173611112,
             0.00347222225, 0.015625, 0.0347222239, 0., 0.015625, 0.,
             0.00173611112, 0., 0.00347222225, 0.010416667, 0.010416667,
             0., 0.00520833349, 0.039930556, 0.027777778, 0.00173611112,
             0.116319448, 0.015625, 0.00868055597, 0., 0., 0.010416667,
             0.0069444445, 0., 0.012152778, 0., 0., 0., 0., 0., 0., 0.,
             0.0069444445, 0.0173611119, 0.00173611112, 0., 0.,
             0.0069444445, 0., 0., 0.00520833349, 0.00173611112,
             0.00173611112, 0., 0., 0.038194444, 0.00173611112,
             0.0069444445, 0.039930556, 0., 0., 0., 0., 0., 0., 0., 0.,
             0., 0., 0., 0., 0., 0., 0., 0., 0.00173611112, 0.0069444445,
             0., 0., 0., 0., 0., 0., 0.00520833349, 0., 0., 0., 0.015625,
             0.00347222225, 0.010416667, 0.024305556, 0.0173611119,
             0.00347222225, 0., 0., 0.00520833349, 0.00173611112,
             0.00173611112, 0.00520833349, 0., 0., 0., 0., 0., 0., 0.,
             0., 0.00868055597, 0., 0., 0., 0.00173611112, 0., 0., 0.,
             0., 0., 0., 0., 0.00173611112, 0.00173611112, 0., 0.,
             0.00347222225, 0.00347222225, 0., 0., 0., 0., 0.,
             0.00173611112, 0., 0., 0., 0., 0., 0., 0., 0., 0.0434027798,
             0.00173611112, 0., 0., 0.0069444445, 0., 0.00173611112,
             0.00173611112, 0.027777778, 0.00520833349, 0., 0.,
             0.0572916679, 0., 0.010416667, 0.020833334, 0.,
             0.00173611112, 0., 0., 0., 0.00173611112, 0., 0.0069444445,
             0., 0., 0., 0., 0., 0., 0., 0.010416667, 0.00173611112, 0.,
             0., 0., 0., 0., 0., 0., 0., 0., 0., 0., 0., 0., 0.,
             0.010416667, 0., 0., 0., 0., 0., 0., 0., 0., 0., 0., 0., 0.,
             0., 0., 0.00173611112, 0., 0., 0., 0., 0., 0., 0., 0., 0.,
             0., 0., 0., 0., 0., 0., 0., 0.00173611112, 0.00347222225,
             0.0173611119, 0., 0.0069444445, 0.00173611112,
             0.00173611112, 0., 0.015625, 0., 0., 0., 0., 0., 0., 0.,
             0.00520833349, 0., 0., 0., 0., 0., 0., 0., 0., 0., 0., 0.,
             0., 0., 0.00347222225, 0., 0.019097222, 0.00347222225,
             0.012152778, 0., 0.00173611112, 0., 0.00347222225, 0.,
             0.0069444445, 0., 0., 0., 0., 0., 0., 0., 0.00173611112,
             0.027777778, 0.055555556, 0., 0.024305556, 0.,
             0.00173611112, 0., 0.019097222, 0.0173611119, 0.024305556,
             0., 0.00520833349, 0.020833334, 0.03125, 0.010416667,
             0.137152776, 0.022569444, 0.0069444445, 0., 0.00173611112,
             0.012152778, 0.00347222225, 0., 0.00347222225, 0., 0., 0.,
             0., 0.00173611112, 0., 0., 0.0069444445, 0.015625,
             0.010416667, 0., 0.00173611112, 0., 0., 0., 0.00347222225,
             0., 0.00520833349, 0., 0., 0.027777778, 0.00520833349,
             0.00347222225, 0.0329861119, 0., 0., 0., 0., 0.00347222225,
             0., 0., 0., 0., 0., 0., 0., 0., 0., 0., 0., 0.010416667, 0.,
             0., 0., 0.00173611112, 0., 0., 0., 0., 0., 0., 0.,
             0.024305556, 0., 0.013888889, 0.00868055597, 0.015625,
             0.00173611112, 0., 0., 0.0069444445, 0., 0., 0.00347222225,
             0., 0., 0., 0., 0., 0., 0.00173611112, 0., 0.00347222225,
             0., 0., 0., 0., 0., 0., 0., 0.00347222225, 0., 0., 0.,
             0.012152778, 0.00173611112, 0., 0.00347222225,
             0.00347222225, 0.00173611112, 0., 0., 0., 0.00347222225, 0.,
             0.00173611112, 0., 0., 0., 0., 0., 0., 0., 0., 0.0486111119,
             0.00347222225, 0., 0., 0.00173611112, 0., 0., 0.00173611112,
             0.019097222, 0.00173611112, 0., 0., 0.0711805597,
             0.00868055597, 0.015625, 0.010416667, 0., 0., 0., 0., 0.,
             0., 0., 0.0069444445, 0., 0., 0., 0., 0., 0., 0.,
             0.00347222225, 0., 0.00173611112, 0., 0., 0., 0., 0.,
             0.00173611112, 0., 0., 0., 0., 0., 0., 0., 0.010416667, 0.,
             0., 0., 0., 0., 0., 0., 0., 0., 0., 0., 0., 0., 0., 0., 0.,
             0., 0., 0., 0., 0., 0., 0., 0., 0., 0., 0., 0.,
             0.00173611112, 0., 0., 0.00347222225, 0., 0.024305556, 0.,
             0.00520833349, 0., 0.00347222225, 0., 0.013888889, 0.,
             0.00173611112, 0., 0., 0., 0., 0., 0.0069444445, 0.,
             0.012152778, 0., 0., 0., 0.0069444445, 0., 0.00520833349,
             0., 0.00173611112, 0., 0., 0., 0.0069444445, 0.,
             0.022569444, 0.00520833349, 0.0069444445, 0., 0.00347222225,
             0.00173611112, 0.00173611112, 0., 0.020833334, 0., 0., 0.,
             0., 0., 0.00347222225, 0., 0.00520833349, 0.022569444,
             0.0625, 0., 0.0069444445, 0.0069444445, 0.0069444445, 0.,
             0.022569444, 0.0173611119, 0.0173611119, 0., 0.00173611112,
             0.026041666, 0.046875, 0.00347222225, 0.0954861119,
             0.022569444, 0.013888889, 0., 0.00347222225, 0.00347222225,
             0., 0., 0.013888889, 0., 0., 0., 0., 0.00520833349,
             0.00347222225, 0.00868055597, 0.038194444, 0.027777778,
             0.00347222225, 0., 0., 0.00347222225, 0.00173611112,
             0.00173611112, 0.00347222225, 0.012152778, 0.00173611112,
             0., 0., 0.026041666, 0.00868055597, 0.0416666679,
             0.0659722239, 0., 0., 0., 0., 0., 0., 0., 0., 0., 0., 0.,
             0., 0., 0., 0., 0.00173611112, 0.0069444445, 0., 0., 0.,
             0.00173611112, 0., 0., 0.00347222225, 0.0069444445,
             0.00173611112, 0., 0.00173611112, 0.010416667, 0.,
             0.00868055597, 0.012152778, 0.00173611112, 0., 0.,
             0.00173611112, 0.00868055597, 0., 0., 0.00347222225, 0., 0.,
             0., 0., 0.00173611112, 0., 0.00173611112, 0., 0.012152778,
             0., 0., 0., 0., 0., 0., 0., 0., 0., 0., 0., 0.00520833349,
             0., 0.00347222225, 0., 0.00347222225, 0., 0., 0.,
             0.00173611112, 0., 0., 0., 0., 0., 0., 0., 0.00173611112,
             0., 0., 0., 0.039930556, 0.0069444445, 0., 0.,
             0.00520833349, 0.00173611112, 0., 0., 0.022569444,
             0.00173611112, 0., 0., 0.038194444, 0., 0.022569444,
             0.015625, 0., 0.00347222225, 0., 0., 0., 0.00173611112, 0.,
             0.00520833349, 0., 0., 0., 0., 0., 0.00173611112, 0.,
             0.00347222225, 0., 0.00173611112, 0., 0., 0., 0., 0., 0.,
             0., 0., 0., 0., 0., 0., 0., 0.013888889, 0., 0., 0., 0., 0.,
             0., 0., 0., 0., 0., 0., 0., 0., 0., 0., 0., 0., 0., 0., 0.,
             0., 0., 0., 0., 0., 0., 0., 0., 0., 0., 0., 0.0069444445,
             0.00173611112, 0.015625, 0., 0.010416667, 0., 0.00347222225,
             0., 0.020833334, 0., 0., 0., 0., 0.00173611112, 0., 0.,
             0.0069444445, 0.00173611112, 0.0069444445, 0., 0., 0., 0.,
             0., 0.00173611112, 0., 0., 0., 0., 0., 0.00173611112, 0.,
             0.010416667, 0., 0.0069444445, 0., 0., 0., 0., 0.,
             0.0069444445, 0., 0., 0., 0., 0.00173611112, 0.,
             0.00173611112, 0.00173611112, 0.020833334, 0.0416666679, 0.,
             0.012152778, 0.00520833349, 0.00173611112, 0., 0.015625,
             0.027777778, 0.019097222, 0., 0., 0.0329861119, 0.012152778,
             0.015625, 0.0868055597, 0.027777778, 0.012152778, 0., 0.,
             0.0069444445, 0.00347222225, 0.00173611112, 0.0295138899,
             0., 0., 0., 0., 0.00173611112, 0., 0.00520833349,
             0.0173611119, 0.00520833349, 0.012152778, 0., 0.00173611112,
             0.00868055597, 0., 0., 0.00868055597, 0., 0., 0., 0.,
             0.019097222, 0.010416667, 0.0173611119, 0.0364583321, 0.,
             0., 0., 0., 0., 0., 0., 0., 0., 0., 0., 0., 0., 0., 0., 0.,
             0.00173611112, 0.00173611112, 0., 0., 0.00173611112, 0., 0.,
             0.00347222225, 0.00173611112, 0.00173611112, 0., 0.,
             0.020833334, 0.00173611112, 0.0069444445, 0.00868055597,
             0.013888889, 0.00347222225, 0., 0.00347222225, 0.010416667,
             0.00173611112, 0., 0.0069444445, 0., 0., 0., 0., 0., 0., 0.,
             0.00173611112, 0.00520833349, 0.00173611112, 0., 0., 0., 0.,
             0., 0., 0., 0., 0., 0., 0.00347222225, 0., 0.00173611112,
             0., 0.00347222225, 0.00173611112, 0., 0.00173611112,
             0.00173611112, 0., 0.00173611112, 0., 0., 0., 0., 0., 0.,
             0., 0., 0.00173611112, 0.0347222239, 0.00347222225, 0.,
             0.00520833349, 0.00347222225, 0., 0.00173611112,
             0.00173611112, 0.015625, 0., 0., 0., 0.020833334,
             0.00173611112, 0.015625, 0.00520833349, 0., 0.00520833349,
             0., 0.00173611112, 0., 0., 0., 0.012152778, 0., 0., 0., 0.,
             0., 0., 0., 0.00868055597, 0., 0., 0., 0., 0., 0., 0.,
             0.00347222225, 0., 0., 0., 0., 0., 0.00173611112, 0.,
             0.0173611119, 0., 0., 0., 0., 0., 0., 0., 0., 0., 0., 0.,
             0., 0., 0., 0., 0., 0., 0., 0., 0., 0., 0., 0., 0., 0., 0.,
             0., 0.00173611112, 0., 0., 0., 0.00347222225, 0.00347222225,
             0.020833334, 0., 0.022569444, 0.00173611112, 0.00520833349,
             0., 0.026041666, 0., 0., 0., 0.00173611112, 0.00173611112,
             0., 0., 0.012152778, 0., 0.010416667, 0., 0.00173611112, 0.,
             0.00173611112, 0., 0., 0., 0.00520833349, 0., 0.,
             0.00173611112, 0.00173611112, 0., 0.010416667,
             0.00347222225, 0.0173611119, 0., 0.019097222, 0.00173611112,
             0., 0., 0.019097222, 0., 0., 0., 0., 0., 0., 0.,
             0.010416667, 0.027777778, 0.055555556, 0., 0.013888889,
             0.00173611112, 0., 0., 0.00520833349, 0.013888889,
             0.019097222, 0., 0.0069444445, 0.0173611119, 0.013888889,
             0.00868055597, 0.109375, 0.019097222, 0.00347222225, 0., 0.,
             0.00520833349, 0.00173611112, 0., 0.00868055597, 0., 0., 0.,
             0., 0., 0., 0., 0.00347222225, 0.013888889, 0.00173611112,
             0., 0., 0.00347222225, 0., 0., 0., 0., 0., 0., 0.,
             0.012152778, 0.00173611112, 0.00173611112, 0.00868055597,
             0., 0., 0., 0., 0., 0., 0., 0., 0., 0., 0., 0., 0., 0.,
             0.00173611112, 0., 0.00520833349, 0.00173611112, 0., 0.,
             0.00173611112, 0., 0., 0.00173611112, 0.038194444,
             0.00173611112, 0., 0., 0.027777778, 0., 0.00347222225,
             0.0069444445, 0.00868055597, 0.00347222225, 0., 0.,
             0.00347222225, 0., 0.00173611112, 0.00173611112, 0., 0., 0.,
             0., 0.00173611112, 0., 0., 0., 0.00173611112, 0., 0., 0.,
             0., 0., 0., 0., 0.00173611112, 0., 0., 0., 0.00520833349,
             0., 0., 0., 0.0173611119, 0., 0., 0., 0., 0., 0., 0., 0.,
             0., 0., 0., 0., 0., 0.00173611112, 0., 0.0954861119,
             0.00347222225, 0., 0., 0.0069444445, 0., 0., 0.00173611112,
             0.112847224, 0., 0., 0.00173611112, 0.0902777761, 0.,
             0.00520833349, 0.00347222225, 0., 0., 0., 0.00173611112, 0.,
             0., 0., 0.00520833349, 0., 0., 0., 0., 0., 0., 0.,
             0.00173611112, 0., 0., 0., 0., 0., 0., 0., 0.00347222225,
             0., 0., 0., 0., 0., 0., 0., 0.00347222225, 0., 0., 0., 0.,
             0., 0., 0., 0.00173611112, 0., 0., 0., 0., 0., 0., 0., 0.,
             0., 0., 0., 0., 0., 0., 0., 0., 0., 0.00173611112, 0., 0.,
             0., 0., 0., 0.00347222225, 0.00347222225, 0.010416667, 0.,
             0.00520833349, 0.00173611112, 0.00173611112, 0.,
             0.019097222, 0., 0., 0., 0., 0., 0.00173611112, 0.,
             0.00173611112, 0., 0., 0., 0., 0., 0., 0., 0., 0., 0., 0.,
             0., 0., 0., 0., 0.00520833349, 0.00868055597, 0.00868055597,
             0., 0.00173611112, 0., 0., 0., 0.00520833349, 0., 0., 0.,
             0., 0., 0., 0., 0.0069444445, 0.0503472239, 0.046875, 0.,
             0.013888889, 0.00173611112, 0.00173611112, 0.,
             0.00520833349, 0.055555556, 0.0364583321, 0.00173611112,
             0.010416667, 0.0347222239, 0.015625, 0.00520833349,
             0.0711805597, 0.026041666, 0.010416667, 0., 0., 0.019097222,
             0.0069444445, 0.00347222225, 0.010416667, 0., 0., 0., 0.,
             0.00347222225, 0.00173611112, 0., 0.00347222225,
             0.010416667, 0.00347222225, 0., 0., 0.00347222225,
             0.00173611112, 0., 0.00347222225, 0.00173611112, 0., 0., 0.,
             0.013888889, 0., 0.00173611112, 0.00868055597, 0., 0., 0.,
             0., 0., 0., 0., 0., 0., 0., 0., 0., 0., 0., 0., 0., 0., 0.,
             0., 0., 0.00173611112, 0.00173611112, 0.00173611112, 0.,
             0.00868055597, 0.00173611112, 0., 0., 0.022569444, 0.,
             0.00173611112, 0.0069444445, 0.024305556, 0.00173611112, 0.,
             0., 0.010416667, 0., 0., 0., 0., 0., 0., 0., 0.00173611112,
             0., 0., 0.00347222225, 0.00173611112, 0., 0., 0.,
             0.00347222225, 0., 0., 0.00173611112, 0.00347222225, 0., 0.,
             0., 0.0069444445, 0., 0., 0., 0., 0.00173611112, 0.,
             0.00173611112, 0.00173611112, 0., 0., 0.00173611112, 0., 0.,
             0., 0., 0., 0., 0., 0., 0.013888889, 0., 0., 0.,
             0.0069444445, 0.00173611112, 0.00173611112, 0.00173611112,
             0.053819444, 0., 0.00173611112, 0.00173611112, 0.03125,
             0.00173611112, 0.00520833349, 0.0069444445, 0.00173611112,
             0.00520833349, 0., 0.012152778, 0., 0.00173611112, 0.,
             0.039930556, 0., 0., 0., 0., 0., 0., 0., 0.00173611112, 0.,
             0., 0., 0.00347222225, 0., 0., 0., 0.00347222225, 0., 0.,
             0., 0., 0., 0., 0., 0.00868055597, 0., 0., 0., 0., 0., 0.,
             0., 0., 0., 0., 0., 0., 0., 0., 0., 0., 0., 0., 0., 0., 0.,
             0., 0., 0., 0., 0., 0., 0.00173611112, 0.00173611112, 0.,
             0., 0.010416667, 0.00868055597, 0.027777778, 0.,
             0.0798611119, 0., 0.013888889, 0., 0.0642361119, 0., 0., 0.,
             0., 0., 0.00173611112, 0., 0.00520833349, 0.00173611112,
             0.00520833349, 0., 0.00347222225, 0.00173611112,
             0.0329861119, 0., 0.010416667, 0., 0.00173611112, 0., 0.,
             0., 0., 0., 0.019097222, 0.00347222225, 0.00868055597, 0.,
             0.015625, 0., 0.00173611112, 0., 0.013888889, 0., 0., 0.,
             0., 0., 0., 0., 0., 0.00347222225, 0.012152778, 0.,
             0.013888889, 0., 0.00173611112, 0., 0.015625, 0.00520833349,
             0.0069444445, 0., 0.019097222, 0.010416667, 0.0173611119,
             0.00173611112, 0.104166664, 0.0434027798, 0.010416667, 0.,
             0.00173611112, 0.012152778, 0.00173611112, 0.00347222225,
             0.019097222, 0.00173611112, 0., 0., 0., 0.0069444445, 0.,
             0.010416667, 0.00868055597, 0.010416667, 0.00520833349, 0.,
             0.00173611112, 0.00347222225, 0., 0., 0., 0.010416667, 0.,
             0., 0., 0.0329861119, 0.00173611112, 0.0677083358,
             0.022569444, 0.00173611112, 0., 0., 0., 0.00173611112, 0.,
             0., 0., 0., 0., 0., 0., 0., 0., 0., 0., 0.00173611112,
             0.00173611112, 0.00173611112, 0., 0.00173611112, 0., 0., 0.,
             0.00520833349, 0., 0., 0.00173611112, 0.013888889, 0.,
             0.03125, 0.015625, 0.00347222225, 0.00347222225, 0.,
             0.00347222225, 0.00520833349, 0., 0., 0.00347222225, 0., 0.,
             0., 0., 0.00173611112, 0.00173611112, 0., 0., 0.00347222225,
             0., 0., 0., 0., 0., 0.00173611112, 0., 0.00347222225, 0.,
             0., 0., 0.00173611112, 0., 0., 0., 0.00347222225,
             0.00868055597, 0., 0., 0.00173611112, 0., 0., 0.00347222225,
             0.00347222225, 0., 0., 0., 0., 0., 0.00173611112, 0.,
             0.00868055597, 0.00173611112, 0., 0., 0.00520833349, 0., 0.,
             0.00347222225, 0.00868055597, 0., 0., 0.00173611112,
             0.0173611119, 0., 0.00868055597, 0.00347222225,
             0.00173611112, 0.010416667, 0., 0.00173611112, 0., 0., 0.,
             0.00173611112, 0., 0., 0., 0., 0., 0., 0., 0.0069444445,
             0.00173611112, 0., 0., 0.00173611112, 0., 0.00173611112, 0.,
             0., 0., 0., 0., 0., 0., 0.00173611112, 0., 0.0069444445, 0.,
             0., 0., 0., 0., 0., 0., 0., 0., 0., 0., 0., 0., 0., 0., 0.,
             0., 0., 0., 0., 0., 0., 0., 0., 0., 0., 0., 0.00173611112,
             0., 0.00173611112, 0., 0.00347222225, 0.010416667,
             0.0295138899, 0., 0.020833334, 0., 0.00347222225, 0.,
             0.012152778, 0., 0., 0., 0., 0., 0., 0., 0.0069444445, 0.,
             0.0069444445, 0., 0., 0., 0., 0., 0., 0., 0.00173611112, 0.,
             0., 0., 0.00173611112, 0., 0.00868055597, 0.013888889,
             0.0763888881, 0., 0.024305556, 0., 0.00173611112, 0.,
             0.012152778, 0., 0.00173611112, 0., 0., 0., 0.00173611112,
             0.00347222225, 0.0069444445, 0.0329861119, 0.0451388881, 0.,
             0.022569444, 0.00173611112, 0.00173611112, 0.00173611112,
             0.00868055597, 0.00347222225, 0.020833334, 0.,
             0.00173611112, 0.013888889, 0.00347222225, 0.010416667,
             0.0746527761, 0.020833334, 0.0069444445, 0.00173611112,
             0.00347222225, 0.00520833349, 0.00173611112, 0.010416667,
             0.022569444, 0.00173611112, 0.00347222225, 0., 0.,
             0.00868055597, 0.00173611112, 0.039930556, 0.0798611119,
             0.015625, 0.00520833349, 0.00173611112, 0., 0.00347222225,
             0., 0., 0., 0.00347222225, 0.00173611112, 0.00347222225, 0.,
             0.0295138899, 0., 0.125, 0.0920138881, 0., 0., 0., 0., 0.,
             0., 0., 0., 0., 0., 0., 0., 0., 0., 0., 0., 0.00520833349,
             0., 0., 0., 0., 0., 0.00173611112, 0., 0.00173611112, 0.,
             0., 0., 0.015625, 0.00173611112, 0.024305556, 0.019097222,
             0., 0.00347222225, 0., 0.00173611112, 0., 0., 0., 0., 0.,
             0., 0.00173611112, 0., 0.00173611112, 0., 0.00173611112,
             0.00347222225, 0., 0., 0., 0., 0., 0., 0., 0., 0., 0., 0.,
             0., 0., 0., 0.00173611112, 0., 0.00347222225, 0.00173611112,
             0., 0., 0., 0., 0., 0., 0., 0., 0., 0., 0., 0.,
             0.00347222225, 0.00173611112, 0.013888889, 0.00173611112,
             0., 0., 0., 0., 0., 0., 0.0069444445, 0., 0., 0.,
             0.00520833349, 0., 0.0069444445, 0.00347222225,
             0.00173611112, 0.00173611112, 0., 0.00347222225, 0., 0., 0.,
             0.010416667, 0., 0., 0., 0., 0., 0., 0., 0.0173611119, 0.,
             0., 0., 0., 0., 0., 0., 0.00173611112, 0., 0., 0., 0., 0.,
             0., 0., 0.013888889, 0., 0., 0., 0., 0., 0., 0., 0., 0., 0.,
             0., 0., 0., 0., 0., 0., 0.00173611112, 0., 0., 0., 0., 0.,
             0., 0., 0., 0.00173611112, 0., 0., 0., 0., 0.,
             0.00173611112, 0.00520833349, 0.00520833349, 0.,
             0.010416667, 0.00173611112, 0., 0., 0.00520833349, 0., 0.,
             0., 0., 0., 0., 0., 0.00868055597, 0., 0., 0., 0., 0., 0.,
             0., 0., 0., 0., 0., 0., 0.00173611112, 0., 0.,
             0.00520833349, 0.015625, 0.019097222, 0., 0.00520833349, 0.,
             0., 0., 0.00868055597, 0., 0.00173611112, 0., 0.,
             0.00173611112, 0., 0.00347222225, 0.015625, 0.0659722239,
             0.0364583321, 0.00173611112, 0.00520833349, 0., 0.,
             0.00173611112, 0.00347222225, 0.0069444445, 0.013888889, 0.,
             0., 0.0069444445, 0.00347222225, 0.012152778, 0.0486111119,
             0.013888889, 0.012152778, 0., 0.00347222225, 0.012152778,
             0.00173611112, 0.00347222225, 0.0416666679, 0.,
             0.00173611112, 0., 0., 0.0069444445, 0., 0.022569444,
             0.0920138881, 0.0069444445, 0.00347222225, 0., 0.,
             0.00173611112, 0., 0., 0.00868055597, 0.00520833349, 0.,
             0.00173611112, 0., 0.015625, 0.00520833349, 0.039930556,
             0.0746527761, 0., 0., 0., 0., 0., 0., 0., 0., 0., 0., 0.,
             0., 0.00173611112, 0., 0., 0., 0., 0., 0., 0., 0., 0., 0.,
             0., 0.00347222225, 0., 0., 0., 0.013888889, 0., 0.015625,
             0.015625, 0.00520833349, 0., 0., 0., 0.00347222225, 0., 0.,
             0.00347222225, 0., 0., 0., 0., 0., 0., 0., 0., 0., 0., 0.,
             0., 0., 0., 0., 0., 0., 0., 0., 0., 0.00347222225, 0., 0.,
             0., 0.00173611112, 0.00173611112, 0., 0., 0., 0., 0., 0.,
             0., 0., 0., 0., 0., 0., 0., 0., 0.010416667, 0.00173611112,
             0., 0., 0., 0., 0., 0., 0.0173611119, 0., 0., 0.,
             0.0347222239, 0., 0.00520833349, 0.0069444445, 0.,
             0.00347222225, 0., 0.022569444, 0., 0.00173611112, 0.,
             0.0677083358, 0., 0., 0., 0., 0., 0., 0., 0.0329861119, 0.,
             0., 0., 0., 0., 0., 0., 0., 0., 0., 0., 0., 0., 0., 0.,
             0.03125, 0., 0.00173611112, 0., 0., 0., 0., 0., 0., 0., 0.,
             0., 0., 0., 0., 0., 0., 0., 0.00173611112, 0., 0., 0., 0.,
             0., 0., 0., 0., 0., 0., 0., 0., 0., 0., 0.0069444445,
             0.0295138899, 0., 0.0364583321, 0., 0.00173611112, 0.,
             0.0364583321, 0.00173611112, 0., 0., 0., 0., 0., 0.,
             0.020833334, 0., 0.00347222225, 0., 0.00173611112, 0., 0.,
             0., 0., 0., 0., 0., 0., 0., 0.00173611112, 0.00173611112,
             0.0173611119, 0.00520833349, 0.020833334, 0., 0.012152778,
             0., 0., 0., 0.015625, 0., 0., 0., 0., 0., 0., 0.,
             0.012152778, 0.015625, 0.015625, 0., 0.00347222225,
             0.00173611112, 0.00173611112, 0., 0.00173611112,
             0.0069444445, 0., 0., 0., 0.00173611112, 0.00173611112,
             0.00347222225, 0.0364583321, 0.00868055597, 0.00347222225,
             0., 0., 0.0069444445, 0.00173611112, 0.00173611112,
             0.012152778, 0., 0., 0., 0., 0.015625, 0., 0.0173611119,
             0.020833334, 0.00868055597, 0., 0., 0.00173611112,
             0.00347222225, 0.00173611112, 0., 0.0069444445,
             0.0069444445, 0.00347222225, 0., 0., 0.0989583358,
             0.0069444445, 0.0989583358, 0.0625, 0., 0., 0., 0., 0., 0.,
             0., 0., 0., 0., 0., 0., 0., 0., 0., 0., 0.00173611112, 0.,
             0., 0., 0.00173611112, 0., 0., 0., 0.010416667,
             0.00173611112, 0., 0., 0.105902776, 0., 0.0833333358,
             0.0329861119, 0., 0., 0., 0., 0.00173611112, 0., 0.,
             0.00173611112, 0.00173611112, 0., 0., 0., 0.00520833349, 0.,
             0., 0.00173611112, 0., 0.00173611112, 0., 0., 0., 0., 0.,
             0., 0., 0., 0., 0., 0.00173611112, 0., 0., 0.00347222225,
             0., 0., 0., 0., 0., 0., 0., 0., 0., 0., 0., 0., 0., 0., 0.,
             0., 0.024305556, 0.00173611112, 0., 0., 0.00173611112, 0.,
             0., 0., 0.0434027798, 0., 0., 0.00173611112, 0.0642361119,
             0.00173611112, 0.038194444, 0.020833334, 0., 0., 0., 0., 0.,
             0., 0., 0.00868055597, 0., 0., 0., 0., 0., 0., 0.,
             0.00173611112, 0., 0., 0., 0., 0., 0., 0., 0., 0., 0., 0.,
             0., 0., 0., 0., 0., 0., 0., 0., 0., 0., 0., 0., 0., 0., 0.,
             0., 0., 0., 0., 0., 0., 0., 0., 0., 0., 0., 0., 0., 0., 0.,
             0., 0., 0., 0., 0., 0., 0.00347222225, 0., 0.00347222225,
             0., 0., 0., 0.00173611112, 0., 0.00868055597, 0., 0., 0.,
             0., 0., 0., 0., 0.00868055597, 0., 0., 0., 0., 0., 0., 0.,
             0.00173611112, 0., 0., 0., 0., 0., 0., 0., 0.0069444445, 0.,
             0., 0., 0., 0., 0., 0., 0., 0., 0., 0., 0., 0., 0., 0.,
             0.00173611112, 0.0069444445, 0., 0., 0., 0., 0., 0.,
             0.00173611112, 0.020833334, 0.0069444445, 0., 0.00173611112,
             0.00868055597, 0.00520833349, 0.010416667, 0.046875,
             0.015625, 0.024305556, 0., 0.0069444445, 0.00347222225, 0.,
             0.00520833349, 0.013888889, 0., 0., 0., 0., 0.012152778,
             0.00173611112, 0.020833334, 0.0659722239, 0.0173611119,
             0.00347222225, 0.00173611112, 0., 0., 0., 0., 0.,
             0.0069444445, 0.00347222225, 0., 0.00173611112,
             0.0416666679, 0., 0.116319448, 0.0590277798, 0., 0., 0., 0.,
             0., 0., 0., 0., 0., 0., 0., 0., 0., 0., 0., 0.,
             0.00520833349, 0., 0., 0., 0., 0., 0., 0., 0.0069444445, 0.,
             0., 0.00173611112, 0.0416666679, 0., 0.0503472239,
             0.013888889, 0., 0.00173611112, 0., 0., 0., 0., 0., 0., 0.,
             0., 0., 0., 0., 0., 0., 0., 0., 0., 0., 0., 0., 0., 0., 0.,
             0.00173611112, 0., 0., 0., 0., 0., 0., 0., 0.00173611112,
             0.00173611112, 0., 0., 0., 0., 0., 0., 0., 0., 0., 0., 0.,
             0., 0.00173611112, 0., 0.0069444445, 0., 0., 0., 0., 0., 0.,
             0., 0.0069444445, 0., 0., 0., 0.022569444, 0., 0.0173611119,
             0.010416667, 0., 0.00520833349, 0., 0.00173611112, 0., 0.,
             0., 0., 0., 0., 0., 0., 0., 0., 0.00173611112,
             0.00347222225, 0., 0., 0., 0., 0., 0., 0., 0., 0., 0., 0.,
             0., 0., 0., 0.0069444445, 0.00520833349, 0., 0.00173611112,
             0., 0., 0., 0., 0., 0., 0., 0., 0., 0., 0., 0., 0., 0., 0.,
             0., 0., 0., 0., 0., 0., 0., 0., 0., 0., 0., 0.,
             0.00173611112, 0., 0.00173611112, 0., 0.012152778, 0.,
             0.00520833349, 0., 0., 0., 0.00173611112, 0., 0., 0., 0.,
             0., 0., 0., 0.00520833349, 0.00173611112, 0.00173611112, 0.,
             0., 0., 0., 0., 0., 0., 0.00173611112, 0., 0., 0., 0.,
             0.00173611112, 0.00173611112, 0.013888889, 0.100694448, 0.,
             0.0069444445, 0., 0., 0., 0., 0., 0.00173611112, 0., 0., 0.,
             0.00173611112, 0., 0.022569444, 0.019097222, 0.0347222239,
             0., 0.00868055597, 0.00173611112, 0.00173611112,
             0.00173611112, 0.00347222225, 0.012152778, 0.00347222225,
             0., 0., 0.010416667, 0.0069444445, 0.020833334,
             0.0503472239, 0.0329861119, 0.0173611119, 0., 0.0069444445,
             0.010416667, 0.00173611112, 0.0069444445, 0.039930556, 0.,
             0., 0., 0., 0.00520833349, 0., 0.022569444, 0.166666672,
             0.012152778, 0.00520833349, 0., 0., 0., 0., 0., 0., 0., 0.,
             0.00173611112, 0., 0.013888889, 0.00520833349, 0.015625,
             0.0642361119, 0., 0., 0., 0., 0., 0., 0., 0., 0., 0., 0.,
             0., 0., 0., 0., 0., 0., 0.00173611112, 0., 0., 0., 0., 0.,
             0., 0.00520833349, 0., 0., 0., 0.00347222225, 0.,
             0.00173611112, 0.00347222225, 0.00520833349, 0.00173611112,
             0., 0., 0., 0., 0., 0., 0., 0., 0., 0., 0., 0.,
             0.00173611112, 0.00173611112, 0.00173611112, 0., 0., 0., 0.,
             0., 0., 0., 0., 0., 0., 0., 0.00173611112, 0., 0., 0.,
             0.00347222225, 0., 0., 0.00173611112, 0., 0., 0.00173611112,
             0., 0., 0., 0., 0., 0., 0., 0., 0.00347222225, 0.020833334,
             0.00173611112, 0., 0., 0.00173611112, 0., 0.00173611112, 0.,
             0.00347222225, 0.00347222225, 0., 0., 0.00347222225, 0.,
             0.00347222225, 0.0069444445, 0.00173611112, 0., 0.,
             0.00520833349, 0., 0., 0., 0.00868055597, 0., 0., 0., 0.,
             0., 0., 0., 0.0364583321, 0., 0.00173611112, 0., 0., 0., 0.,
             0., 0., 0.00173611112, 0., 0., 0., 0., 0.00173611112, 0.,
             0.022569444, 0., 0., 0., 0., 0., 0., 0., 0., 0., 0., 0., 0.,
             0., 0., 0., 0., 0., 0.00173611112, 0., 0., 0., 0., 0., 0.,
             0., 0., 0., 0., 0., 0., 0., 0.00173611112, 0.00173611112,
             0.015625, 0., 0.00520833349, 0., 0., 0., 0.010416667,
             0.00173611112, 0.00347222225, 0., 0., 0., 0., 0.,
             0.012152778, 0.00173611112, 0.00173611112, 0., 0., 0., 0.,
             0., 0., 0., 0., 0., 0., 0., 0., 0., 0.00868055597,
             0.0295138899, 0.0434027798, 0., 0.00520833349, 0., 0., 0.,
             0.010416667, 0., 0., 0., 0., 0., 0., 0.00173611112,
             0.027777778, 0.0694444478, 0.0520833321, 0.00173611112,
             0.00520833349, 0., 0., 0., 0., 0.00520833349, 0.0069444445,
             0.00173611112, 0.00347222225, 0.00868055597, 0.00520833349,
             0.013888889, 0.046875, 0.03125, 0.010416667, 0.,
             0.00173611112, 0.015625, 0.00347222225, 0.0069444445,
             0.026041666, 0., 0., 0., 0., 0., 0.00173611112,
             0.00173611112, 0.0173611119, 0.012152778, 0.00520833349, 0.,
             0., 0., 0., 0., 0.00347222225, 0.00173611112, 0., 0., 0.,
             0.00868055597, 0., 0.00347222225, 0.0173611119, 0., 0., 0.,
             0., 0., 0., 0., 0., 0., 0., 0., 0., 0.00173611112, 0., 0.,
             0., 0.00520833349, 0., 0., 0., 0.00173611112, 0., 0.,
             0.00173611112, 0.020833334, 0., 0., 0., 0.027777778,
             0.00347222225, 0.0069444445, 0.00520833349, 0.019097222, 0.,
             0., 0.00173611112, 0.010416667, 0., 0.00173611112,
             0.00347222225, 0., 0., 0., 0., 0., 0., 0., 0.00347222225,
             0., 0.00173611112, 0., 0., 0., 0., 0.00173611112, 0.,
             0.00347222225, 0., 0., 0., 0., 0., 0., 0.00347222225,
             0.0069444445, 0.00173611112, 0., 0., 0., 0., 0., 0., 0., 0.,
             0., 0., 0., 0., 0., 0., 0.0347222239, 0., 0., 0.,
             0.00520833349, 0., 0.00347222225, 0.00173611112,
             0.0763888881, 0., 0., 0., 0.038194444, 0., 0.00173611112,
             0.0069444445, 0., 0.00347222225, 0., 0.015625, 0., 0., 0.,
             0.0347222239, 0., 0., 0., 0., 0., 0., 0., 0.022569444, 0.,
             0.00173611112, 0., 0., 0., 0., 0., 0.00173611112,
             0.00173611112, 0., 0., 0., 0., 0., 0., 0.020833334, 0., 0.,
             0., 0., 0., 0., 0., 0., 0., 0., 0., 0., 0., 0., 0., 0., 0.,
             0., 0., 0.00347222225, 0., 0., 0., 0., 0., 0., 0.,
             0.00173611112, 0., 0., 0., 0.019097222, 0.00347222225,
             0.020833334, 0., 0.022569444, 0.00173611112, 0.00347222225,
             0., 0.046875, 0., 0.00173611112, 0., 0., 0., 0., 0.,
             0.0173611119, 0.00173611112, 0.00173611112, 0.,
             0.00173611112, 0., 0., 0., 0., 0., 0., 0., 0.00173611112,
             0., 0.00347222225, 0.00173611112, 0.019097222,
             0.00347222225, 0.012152778, 0., 0.0069444445, 0.,
             0.00173611112, 0., 0.015625, 0., 0., 0., 0., 0., 0., 0.,
             0.00520833349, 0.020833334, 0.020833334, 0., 0.015625,
             0.00173611112, 0.00347222225, 0.00173611112, 0.00868055597,
             0.020833334, 0.00868055597, 0., 0.00868055597, 0.0069444445,
             0.010416667, 0.00520833349, 0.0746527761, 0.0295138899,
             0.00173611112, 0., 0.00173611112, 0.0364583321,
             0.00520833349, 0.00520833349, 0.012152778, 0., 0., 0., 0.,
             0.00173611112, 0., 0.00347222225, 0.00173611112,
             0.0173611119, 0.00173611112, 0., 0., 0.00520833349,
             0.00520833349, 0.00173611112, 0.00347222225, 0.00173611112,
             0., 0., 0., 0.026041666, 0.00173611112, 0.00173611112,
             0.0173611119, 0., 0., 0., 0., 0., 0., 0., 0., 0., 0., 0.,
             0., 0., 0., 0., 0., 0.00868055597, 0., 0., 0., 0., 0., 0.,
             0.00520833349, 0.010416667, 0., 0., 0., 0.026041666,
             0.00173611112, 0.010416667, 0.00520833349, 0.022569444,
             0.00520833349, 0., 0.00173611112, 0.022569444, 0., 0., 0.,
             0., 0., 0., 0., 0., 0., 0., 0., 0.00173611112, 0., 0., 0.,
             0.00520833349, 0., 0., 0., 0.00347222225, 0., 0., 0.,
             0.00173611112, 0.00347222225, 0.00173611112, 0.00173611112,
             0.00347222225, 0., 0., 0.00173611112, 0., 0., 0.,
             0.00173611112, 0., 0., 0., 0., 0., 0., 0., 0., 0.020833334,
             0.00173611112, 0., 0.00173611112, 0.00520833349,
             0.00347222225, 0.00173611112, 0.00173611112, 0.0520833321,
             0., 0., 0., 0.0677083358, 0.00173611112, 0.0173611119,
             0.010416667, 0.00173611112, 0.00173611112, 0.,
             0.00173611112, 0., 0.00173611112, 0., 0.019097222, 0., 0.,
             0., 0., 0., 0., 0.00173611112, 0.00173611112, 0.,
             0.00347222225, 0., 0.00173611112, 0., 0., 0., 0., 0.,
             0.00347222225, 0., 0.00173611112, 0., 0., 0., 0.012152778,
             0., 0., 0., 0., 0., 0., 0., 0.00173611112, 0., 0., 0., 0.,
             0., 0., 0., 0., 0., 0., 0., 0., 0., 0., 0., 0., 0., 0., 0.,
             0.00347222225, 0., 0., 0.00173611112, 0.0069444445,
             0.00347222225, 0.019097222, 0., 0.012152778, 0.00347222225,
             0.00868055597, 0., 0.0329861119, 0., 0., 0., 0., 0., 0., 0.,
             0.00868055597, 0., 0.00347222225, 0., 0.00347222225, 0.,
             0.010416667, 0., 0.010416667, 0., 0., 0., 0.00173611112,
             0.00173611112, 0.00173611112, 0., 0.015625, 0.00173611112,
             0.0069444445, 0., 0.010416667, 0., 0.00347222225, 0.,
             0.0069444445, 0., 0., 0., 0., 0., 0., 0., 0.00173611112, 0.,
             0.00868055597, 0., 0.0069444445, 0.00173611112,
             0.00173611112, 0., 0.010416667, 0.0069444445, 0.00520833349,
             0., 0.0295138899, 0.020833334, 0.019097222, 0.00520833349,
             0.135416672, 0.022569444, 0.0173611119, 0.00173611112,
             0.00347222225, 0.00520833349, 0.00173611112, 0.00347222225,
             0.00868055597, 0., 0., 0., 0., 0.010416667, 0.,
             0.00347222225, 0.00868055597, 0.00520833349, 0.00520833349,
             0., 0., 0.00347222225, 0., 0., 0., 0.00868055597,
             0.00520833349, 0., 0., 0.0295138899, 0., 0.0295138899,
             0.010416667, 0.00173611112, 0., 0., 0., 0., 0., 0., 0., 0.,
             0., 0., 0., 0., 0., 0., 0., 0.015625, 0.00173611112, 0., 0.,
             0., 0., 0.00173611112, 0., 0.026041666, 0., 0., 0.,
             0.0833333358, 0.00173611112, 0.020833334, 0.00868055597,
             0.00868055597, 0.00173611112, 0., 0., 0.00173611112, 0., 0.,
             0., 0., 0., 0., 0., 0., 0., 0., 0.00347222225, 0., 0., 0.,
             0., 0.00173611112, 0., 0., 0., 0.00173611112, 0., 0., 0.,
             0., 0., 0., 0., 0.0069444445, 0.00173611112, 0.,
             0.00173611112, 0.00173611112, 0., 0., 0., 0., 0., 0., 0.,
             0., 0., 0., 0., 0.015625, 0., 0.00173611112, 0., 0., 0., 0.,
             0.00173611112, 0.0572916679, 0.00347222225, 0., 0.,
             0.104166664, 0.00347222225, 0.020833334, 0.0069444445,
             0.00173611112, 0.0069444445, 0., 0., 0., 0., 0., 0., 0., 0.,
             0., 0., 0., 0., 0., 0.00173611112, 0., 0.00173611112, 0.,
             0., 0., 0.00173611112, 0., 0., 0., 0., 0., 0.,
             0.00347222225, 0., 0.00173611112, 0.00347222225, 0., 0., 0.,
             0., 0., 0., 0., 0.00173611112, 0., 0., 0., 0., 0., 0., 0.,
             0., 0.00173611112, 0.00173611112, 0., 0., 0., 0., 0., 0.,
             0., 0., 0., 0., 0., 0., 0., 0.00868055597, 0.00173611112,
             0.0173611119, 0., 0.010416667, 0., 0., 0., 0.00520833349,
             0., 0., 0., 0., 0., 0., 0., 0.00868055597, 0.00173611112,
             0.00347222225, 0., 0., 0., 0.00173611112, 0., 0., 0., 0.,
             0., 0., 0., 0.00173611112, 0., 0.00520833349, 0.00520833349,
             0.0416666679, 0.00173611112, 0.010416667, 0., 0.00173611112,
             0., 0.00347222225, 0., 0.00173611112, 0., 0.00173611112, 0.,
             0., 0., 0.0069444445, 0.03125, 0.038194444, 0.,
             0.0069444445, 0.00347222225, 0.00347222225, 0.00173611112,
             0.0069444445, 0.0173611119, 0.015625, 0., 0.00868055597,
             0.0295138899, 0.00868055597, 0.010416667, 0.0572916679,
             0.0329861119, 0.010416667, 0.00520833349, 0.00347222225,
             0.015625, 0., 0.00347222225, 0.00347222225, 0.00347222225,
             0., 0., 0.00173611112, 0.00520833349, 0., 0.015625,
             0.0347222239, 0.022569444, 0.00347222225, 0., 0.00173611112,
             0.00173611112, 0.00173611112, 0., 0., 0.015625, 0., 0., 0.,
             0.010416667, 0.00173611112, 0.0329861119, 0.03125,
             0.00173611112, 0., 0., 0., 0., 0., 0., 0.00173611112, 0.,
             0., 0., 0., 0., 0., 0., 0., 0.00868055597, 0.00173611112,
             0., 0., 0., 0., 0., 0., 0.00347222225, 0., 0.,
             0.00173611112, 0.010416667, 0., 0.0069444445, 0.00347222225,
             0.024305556, 0.00173611112, 0.00173611112, 0., 0., 0.,
             0.00173611112, 0.00347222225, 0., 0., 0., 0., 0., 0.,
             0.00173611112, 0.00173611112, 0.00347222225, 0., 0., 0., 0.,
             0., 0., 0., 0.00347222225, 0., 0., 0., 0., 0.,
             0.00347222225, 0., 0.010416667, 0.00347222225, 0., 0.,
             0.00347222225, 0., 0., 0., 0.00173611112, 0., 0., 0., 0.,
             0., 0.00173611112, 0., 0.0451388881, 0.0069444445, 0., 0.,
             0.00347222225, 0., 0.00347222225, 0., 0.015625, 0.,
             0.00173611112, 0., 0.010416667, 0., 0.00520833349,
             0.010416667, 0., 0.00347222225, 0., 0.00173611112, 0., 0.,
             0., 0.00173611112, 0., 0., 0., 0., 0.00173611112,
             0.00173611112, 0., 0.00520833349, 0., 0.00347222225, 0., 0.,
             0., 0., 0.00173611112, 0., 0., 0., 0., 0., 0.00173611112,
             0., 0., 0.00347222225, 0., 0., 0., 0., 0., 0., 0.,
             0.00173611112, 0., 0., 0., 0., 0., 0., 0., 0.,
             0.00173611112, 0.00173611112, 0., 0., 0., 0., 0., 0., 0.,
             0.00347222225, 0., 0., 0., 0., 0.00520833349, 0.0069444445,
             0.00868055597, 0.013888889, 0., 0.013888889, 0., 0.,
             0.00173611112, 0.00173611112, 0., 0., 0., 0., 0.,
             0.00173611112, 0., 0.00520833349, 0., 0.00173611112, 0., 0.,
             0., 0., 0., 0., 0., 0., 0., 0., 0.00173611112,
             0.00173611112, 0., 0.0069444445, 0.013888889, 0.0711805597,
             0., 0.012152778, 0.00520833349, 0.00347222225,
             0.00173611112, 0.00347222225, 0., 0., 0., 0.00173611112, 0.,
             0., 0.00347222225, 0.015625, 0.0677083358, 0.0434027798,
             0.00173611112, 0.00347222225, 0.00173611112, 0., 0.,
             0.00520833349, 0.027777778, 0.026041666, 0., 0.0173611119,
             0.012152778, 0.00520833349, 0.013888889, 0.0677083358,
             0.015625, 0.012152778, 0., 0.0069444445, 0.012152778,
             0.00173611112, 0.00173611112, 0.013888889, 0., 0., 0., 0.,
             0., 0., 0.00173611112, 0.0173611119, 0.00347222225,
             0.00173611112, 0., 0.00173611112, 0., 0., 0., 0.00173611112,
             0.00173611112, 0., 0., 0., 0.010416667, 0.00173611112,
             0.00520833349, 0.0069444445, 0., 0., 0., 0., 0., 0., 0., 0.,
             0., 0., 0., 0., 0., 0., 0., 0., 0.00173611112, 0., 0.,
             0.00173611112, 0., 0., 0., 0., 0.00347222225, 0., 0., 0.,
             0.010416667, 0., 0.00173611112, 0., 0.0173611119,
             0.00173611112, 0., 0., 0.00173611112, 0., 0.00173611112, 0.,
             0., 0., 0., 0., 0., 0., 0., 0., 0., 0., 0., 0., 0., 0., 0.,
             0., 0., 0.00173611112, 0., 0., 0., 0., 0., 0.,
             0.00173611112, 0., 0., 0., 0., 0., 0., 0., 0., 0., 0., 0.,
             0., 0., 0., 0., 0.015625, 0.00173611112, 0., 0.,
             0.00347222225, 0., 0., 0., 0.0173611119, 0.00173611112, 0.,
             0., 0.0295138899, 0., 0.00868055597, 0.00347222225, 0.,
             0.010416667, 0., 0.020833334, 0.00173611112, 0.00347222225,
             0., 0.0520833321, 0., 0.00173611112, 0., 0., 0., 0., 0.,
             0.024305556, 0., 0.00173611112, 0., 0., 0., 0., 0., 0., 0.,
             0., 0., 0., 0., 0.00173611112, 0., 0.00868055597, 0., 0.,
             0., 0., 0., 0., 0., 0., 0., 0., 0., 0., 0., 0., 0., 0., 0.,
             0., 0., 0.00347222225, 0., 0., 0., 0.00173611112, 0., 0.,
             0., 0., 0., 0., 0., 0., 0.015625, 0.078125, 0.,
             0.0850694478, 0.00173611112, 0.00347222225, 0., 0.09375, 0.,
             0., 0., 0., 0., 0., 0., 0.013888889, 0., 0.0069444445, 0.,
             0., 0., 0., 0., 0., 0., 0., 0., 0., 0., 0., 0.,
             0.00173611112, 0.013888889, 0.053819444, 0., 0.0434027798,
             0., 0.00173611112, 0., 0.026041666, 0., 0., 0., 0., 0., 0.,
             0., 0.00520833349, 0.019097222, 0.0416666679, 0.00173611112,
             0.0347222239, 0.00173611112, 0., 0., 0.012152778,
             0.00520833349, 0.0069444445, 0.00173611112, 0.00347222225,
             0.00173611112, 0.00347222225, 0.0069444445, 0.038194444,
             0.00520833349, 0., 0., 0.00173611112, 0.00173611112, 0., 0.,
             0.00520833349, 0., 0., 0., 0., 0., 0., 0., 0.00173611112,
             0.0069444445, 0., 0., 0., 0., 0., 0., 0., 0.0069444445, 0.,
             0., 0., 0.012152778, 0., 0., 0.00868055597, 0., 0., 0., 0.,
             0.00173611112, 0., 0.00173611112, 0., 0., 0., 0., 0., 0.,
             0., 0., 0., 0.0069444445, 0., 0., 0., 0., 0., 0., 0.,
             0.0347222239, 0.00173611112, 0., 0., 0.0659722239,
             0.00173611112, 0.00868055597, 0.00173611112, 0.00520833349,
             0., 0., 0., 0.00347222225, 0., 0., 0., 0., 0., 0., 0., 0.,
             0., 0., 0., 0.00173611112, 0., 0., 0., 0., 0., 0., 0., 0.,
             0., 0., 0., 0., 0., 0., 0., 0.00868055597, 0., 0., 0.,
             0.00173611112, 0., 0., 0., 0., 0., 0., 0., 0., 0., 0., 0.,
             0.0677083358, 0.00347222225, 0., 0., 0.00347222225, 0., 0.,
             0., 0.230902776, 0., 0., 0., 0.185763896, 0.00173611112,
             0.0069444445, 0.0069444445, 0., 0., 0., 0., 0., 0., 0.,
             0.00520833349, 0., 0., 0., 0., 0., 0., 0., 0.00347222225,
             0., 0., 0., 0., 0., 0., 0., 0., 0., 0., 0., 0., 0., 0., 0.,
             0.00173611112, 0., 0., 0., 0., 0., 0., 0., 0.00173611112,
             0., 0., 0., 0., 0., 0., 0., 0., 0., 0., 0., 0., 0., 0., 0.,
             0., 0., 0., 0., 0., 0., 0., 0., 0.00347222225, 0.,
             0.00347222225, 0., 0., 0., 0., 0., 0.00868055597, 0., 0.,
             0., 0., 0., 0., 0., 0.00173611112, 0., 0., 0., 0., 0., 0.,
             0., 0., 0., 0., 0., 0., 0., 0.00347222225, 0.,
             0.00173611112, 0.00520833349, 0.0069444445, 0., 0.,
             0.00173611112, 0., 0., 0.00173611112, 0., 0., 0., 0., 0.,
             0., 0., 0., 0.053819444, 0.03125, 0., 0., 0.00173611112, 0.,
             0., 0., 0.0729166642, 0.022569444, 0., 0.00173611112,
             0.020833334, 0.013888889, 0., 0.027777778, 0.026041666,
             0.00868055597, 0., 0.0069444445, 0.0069444445, 0.,
             0.00520833349, 0.015625, 0., 0., 0.00173611112,
             0.00173611112, 0.00173611112, 0., 0.012152778, 0.015625,
             0.010416667, 0.00520833349, 0.00347222225, 0., 0.,
             0.00173611112, 0., 0., 0.00347222225, 0., 0., 0.,
             0.00520833349, 0.00173611112, 0.019097222, 0.013888889,
             0.00173611112, 0., 0., 0., 0.00173611112, 0., 0., 0., 0.,
             0., 0., 0., 0., 0., 0., 0., 0.00347222225, 0.00173611112,
             0.00173611112, 0., 0., 0., 0., 0., 0., 0., 0.,
             0.00173611112, 0.00173611112, 0., 0.0069444445,
             0.00868055597, 0.00173611112, 0., 0.00173611112,
             0.00520833349, 0.00173611112, 0., 0., 0., 0., 0., 0., 0.,
             0.00173611112, 0., 0.00173611112, 0., 0.00347222225, 0., 0.,
             0., 0., 0., 0., 0., 0.00173611112, 0., 0., 0., 0., 0., 0.,
             0., 0.00868055597, 0.00173611112, 0., 0., 0.00173611112, 0.,
             0., 0.00173611112, 0., 0., 0., 0., 0., 0., 0.00173611112,
             0., 0.019097222, 0.00173611112, 0., 0., 0., 0., 0., 0.,
             0.013888889, 0., 0.00173611112, 0.00173611112,
             0.00868055597, 0., 0.00347222225, 0.00173611112,
             0.00173611112, 0.010416667, 0., 0.00520833349, 0., 0., 0.,
             0.013888889, 0., 0., 0., 0., 0., 0., 0., 0.00520833349,
             0.00173611112, 0.00173611112, 0., 0., 0., 0., 0., 0., 0.,
             0., 0., 0., 0.00173611112, 0.00173611112, 0.00173611112,
             0.00520833349, 0., 0., 0., 0., 0., 0., 0., 0., 0., 0., 0.,
             0., 0., 0., 0., 0.00173611112, 0., 0.00173611112, 0., 0.,
             0., 0., 0., 0., 0., 0., 0., 0., 0., 0., 0.00347222225,
             0.00520833349, 0.00868055597, 0.0364583321, 0., 0.024305556,
             0., 0.00347222225, 0.00173611112, 0.019097222, 0., 0., 0.,
             0., 0., 0., 0., 0.0069444445, 0., 0., 0., 0., 0., 0., 0.,
             0., 0., 0., 0., 0.00173611112, 0., 0.00173611112, 0.,
             0.00868055597, 0.026041666, 0.0677083358, 0., 0.027777778,
             0.00520833349, 0., 0.00173611112, 0.00868055597, 0., 0., 0.,
             0.00173611112, 0.00173611112, 0., 0., 0.019097222,
             0.116319448, 0.0954861119, 0., 0.0173611119, 0.00520833349,
             0., 0.00347222225, 0.00520833349, 0.03125, 0.015625, 0.,
             0.0069444445, 0.00868055597, 0.010416667, 0.00868055597,
             0.0572916679, 0.0295138899, 0.010416667, 0.00173611112,
             0.00173611112, 0.013888889, 0.00173611112, 0.0069444445,
             0.0173611119, 0., 0., 0., 0., 0.00347222225, 0.,
             0.00520833349, 0.013888889, 0.00520833349, 0., 0.,
             0.00347222225, 0., 0., 0., 0.00173611112, 0.00173611112, 0.,
             0., 0., 0.0069444445, 0., 0.015625, 0.015625, 0., 0., 0.,
             0., 0., 0., 0., 0., 0., 0., 0., 0., 0., 0., 0., 0.,
             0.00173611112, 0., 0., 0., 0., 0., 0., 0.00173611112,
             0.0069444445, 0.00173611112, 0., 0., 0.00173611112, 0.,
             0.00520833349, 0.00173611112, 0.0069444445, 0., 0., 0., 0.,
             0., 0., 0., 0., 0., 0., 0., 0., 0., 0., 0., 0.00173611112,
             0., 0., 0., 0., 0., 0., 0., 0., 0., 0., 0., 0., 0., 0., 0.,
             0.006944444
